configuration (3 values) actuation (3 values) poses (6 values)  
0.5737440672447646 35.13311490738472 -2.8537262469196905 0.6882007281572836 0.18174539245552435 0.8512860811214856 0.0 0.0 0.0 0.0 0.0 0.0 -0.005980536171387748 0.0201983269019209 0.027484924875525698 -3.0647851202387986 -0.2777051842141498 -1.297121145582702
0.5855369583897556 35.841835142513325 -2.894493524232793 0.6882007281572836 0.18174539245552435 0.8866647545564589 0.0 0.0 0.0 0.0 0.0 0.0 -0.010485875770855387 0.04156868758318042 0.023543882642065455 3.007058266937067 -0.20789492733838522 -2.1512192816933835
0.5590486181169029 34.30001043355396 -2.7981129569996606 0.6882007281572836 0.18174539245552435 0.8071997337379007 0.0 0.0 0.0 0.0 0.0 0.0 -0.0005165435270590531 0.001444243433727984 0.009331874584310625 -2.8148940637011104 -0.10800291268578333 -0.3079998523291394
0.6129557618501693 37.57717907009198 -2.97751686550149 0.6882007281572836 0.18174539245552435 0.9689211649377 0.0 0.0 0.0 0.0 0.0 0.0 -0.006539741764256926 0.039499740202870746 -0.02297710706197649 3.0582598633257008 0.14150244690523106 2.105501960817452
0.5868425825379496 35.92204225303387 -2.8988081472903158 0.6882007281572836 0.18174539245552435 0.8905816270010409 0.0 0.0 0.0 0.0 0.0 0.0 -0.01079692597219807 0.04359400300697117 0.021987894946901385 2.990848955788019 -0.19104502997176276 -2.2454986582238625
0.45005087819828726 32.65775179123992 -2.197162487462042 0.6882007281572836 0.18174539245552435 0.48020651398205383 0.0 0.0 0.0 0.0 0.0 0.0 -0.03799532476463895 0.02749204132167823 0.025935602994730494 2.507961966740288 -0.756261524934005 -2.390302971659203
0.33741717213411865 52.09009413076704 -1.5059734774923244 0.6882007281572836 0.18174539245552435 0.14230539578954812 0.0 0.0 0.0 0.0 0.0 0.0 -0.013544688468984883 -0.0008792371633148646 -0.01835514712829658 -1.3527482701951532 1.2666843148567333 -0.20833612556301517
0.47910831120170716 31.875384917647807 -2.387576239189592 0.6882007281572836 0.18174539245552435 0.5673788129923135 0.0 0.0 0.0 0.0 0.0 0.0 -0.040942025833389815 0.04359584325130198 0.013254730569517151 2.436408200795988 -0.2934238555087463 -2.8140364818560757
0.4183373188606181 35.17364457392576 -1.981095669478211 0.6882007281572836 0.18174539245552435 0.3850658359690462 0.0 0.0 0.0 0.0 0.0 0.0 -0.04029872284537632 0.017529426225085156 0.023823221075045687 2.243734652962784 -0.8763387137478791 -2.5920672602158517
0.47641170591560433 31.896829895214946 -2.3705871650199715 0.6882007281572836 0.18174539245552435 0.5592889971340052 0.0 0.0 0.0 0.0 0.0 0.0 -0.0408935144305857 0.04208792173261241 0.015357938750063416 2.4388107008977746 -0.3483729025875024 -2.758496989853275
0.6188930139589285 25.533667359238294 -2.9205038977455344 0.6882007281572836 0.317192232598016 0.8512860811214856 0.0 0.0 0.0 0.0 0.0 0.0 -0.017138257770843126 0.07625038544696007 -0.0037011465348297063 2.9214616566884315 0.020725421489084184 3.049238063461083
0.6306859051039195 26.46149030811762 -2.968413600259149 0.6882007281572836 0.317192232598016 0.8866647545564589 0.0 0.0 0.0 0.0 0.0 0.0 -0.010134175328282263 0.057932300095603115 -0.03140460492761389 3.0445918571165818 0.14368965114766175 2.167653427395047
0.6041975648310668 24.421984516089186 -2.852955085639997 0.6882007281572836 0.317192232598016 0.8071997337379007 0.0 0.0 0.0 0.0 0.0 0.0 -0.01841360610367665 0.06201336658108171 0.03336042788642632 2.9710915581615303 -0.23404010326125135 -2.2094246020069335
0.6581047085643332 28.679140992241976 -3.0617786452522013 0.6882007281572836 0.317192232598016 0.9689211649377 0.0 0.0 0.0 0.0 0.0 0.0 -8.222273498622848e-07 1.0279908084598002e-05 0.0008479823431969905 -3.061802151002328 -0.0019389702637466755 -0.02424440623920887
0.6319915292521135 26.56559053390651 -2.97340422656213 0.6882007281572836 0.317192232598016 0.8905816270010409 0.0 0.0 0.0 0.0 0.0 0.0 -0.009264186086513351 0.054561826809660395 -0.03322167042572824 3.0619231320040305 0.14827919791735056 2.0662483617876903
0.4951998249124512 21.68073775874735 -2.0245129051679482 0.6882007281572836 0.317192232598016 0.48020651398205383 0.0 0.0 0.0 0.0 0.0 0.0 -0.05208615473767461 0.025399664594928803 -0.04458223104731636 2.6575561949182873 1.0527367328871025 2.1150015018015367
0.38256611884828257 42.06873084727408 -1.2517196925318486 0.6882007281572836 0.317192232598016 0.14230539578954812 0.0 0.0 0.0 0.0 0.0 0.0 -0.04348000441679696 -0.014364269469001609 -0.00895167554883904 1.2282374497442765 0.3656727526835395 -3.0147583574780774
0.524257257915871 20.83893001845902 -2.2930525605916285 0.6882007281572836 0.317192232598016 0.5673788129923135 0.0 0.0 0.0 0.0 0.0 0.0 -0.03854587896465027 0.03396152734450265 -0.04786751853222986 3.061683841899293 0.8457160795323593 1.6773849320915852
0.46348626557478195 24.60759796326433 -1.7434452558919669 0.6882007281572836 0.317192232598016 0.3850658359690462 0.0 0.0 0.0 0.0 0.0 0.0 -0.024086563211524224 0.004200336571125654 -0.037274528885256564 -1.9834386926268188 1.1281007119333455 0.3766857344647381
0.5215606526297683 20.85079733882279 -2.268741380575204 0.6882007281572836 0.317192232598016 0.5592889971340052 0.0 0.0 0.0 0.0 0.0 0.0 -0.04116649894250656 0.03452970259043523 -0.04761133827955802 2.999110756405188 0.8642333092862478 1.7572133568201695
0.5569647722601824 39.127185723744034 -2.835742497152035 0.6882007281572836 0.13140750750177782 0.8512860811214856 0.0 0.0 0.0 0.0 0.0 0.0 -0.015239643899559627 0.04826369860778484 0.005044571122656831 2.8414012178315615 -0.059466908661963025 -2.9519041211725194
0.5687576634051735 39.745498673797236 -2.8742290730576436 0.6882007281572836 0.13140750750177782 0.8866647545564589 0.0 0.0 0.0 0.0 0.0 0.0 -0.012078419490410355 0.04409440070588836 -0.014504163295428694 2.9213963516430046 0.1528937489593014 2.544118535804204
0.5422693231323207 38.40956206791423 -2.783680400275635 0.6882007281572836 0.13140750750177782 0.8071997337379007 0.0 0.0 0.0 0.0 0.0 0.0 -0.01273925735457818 0.034060256299363253 0.02389837545276827 2.994274323814312 -0.32738441856929157 -2.0031467821902176
0.5961764668655872 41.28120071759641 -2.9535275245397465 0.6882007281572836 0.13140750750177782 0.9689211649377 0.0 0.0 0.0 0.0 0.0 0.0 -0.0006028281963333298 0.0031675427732842446 -0.012075572850354084 -2.978083545205096 0.09333315992162294 0.514207861458921
0.5700632875533674 39.81584807729615 -2.8783191214383286 0.6882007281572836 0.13140750750177782 0.8905816270010409 0.0 0.0 0.0 0.0 0.0 0.0 -0.011508216963659298 0.04269738232357914 -0.016302629206348805 2.9393638651306624 0.16973818732486468 2.4524507220757594
0.4332715832137051 37.490685944467806 -2.239374089044163 0.6882007281572836 0.13140750750177782 0.48020651398205383 0.0 0.0 0.0 0.0 0.0 0.0 -0.038929293228091966 0.030751877897866584 -0.013614867150965278 2.313805990778371 0.41210289133394706 2.789023410638791
0.32063787714953657 57.3258378473601 -1.587912540450342 0.6882007281572836 0.13140750750177782 0.14230539578954812 0.0 0.0 0.0 0.0 0.0 0.0 -0.0018811305892368253 3.220097772459981e-05 -0.007880313452797513 -1.5899812690636148 0.468646799036021 0.008666289544356776
0.46232901621712497 36.57500979646338 -2.410240483237567 0.6882007281572836 0.13140750750177782 0.5673788129923135 0.0 0.0 0.0 0.0 0.0 0.0 -0.02484791500648309 0.027690155081505484 -0.02550000073477069 2.8285184497506384 0.6724489590847336 2.050076241553106
0.4015580238760359 40.07982286333051 -2.0431367818931183 0.6882007281572836 0.13140750750177782 0.3850658359690462 0.0 0.0 0.0 0.0 0.0 0.0 -0.04279840692525444 0.021866295362812812 -0.00940290230472311 2.0748543700993274 0.3422441976212385 2.958552138693244
0.4596324109310222 36.61160126470839 -2.3950079364401806 0.6882007281572836 0.13140750750177782 0.5592889971340052 0.0 0.0 0.0 0.0 0.0 0.0 -0.02663295753694078 0.028785000243314245 -0.02458410724828629 2.75834771664774 0.6576585244204414 2.153878736464691
0.5765335350137349 34.492860609560054 -2.857002351888057 0.6882007281572836 0.1901137957624356 0.8512860811214856 0.0 0.0 0.0 0.0 0.0 0.0 -0.003996359879662012 0.013661330682188718 0.024954346429337217 -2.9937709149906357 -0.24408333585724407 -1.0185718368983512
0.588326426158726 35.216007036914824 -2.8981689739180005 0.6882007281572836 0.1901137957624356 0.8866647545564589 0.0 0.0 0.0 0.0 0.0 0.0 -0.008854785221134937 0.03565467986806202 0.02714333865242222 3.06876746666899 -0.23248119622914665 -1.8774589285813912
0.5618380858858733 33.64137443137856 -2.8007568618759113 0.6882007281572836 0.1901137957624356 0.8071997337379007 0.0 0.0 0.0 0.0 0.0 0.0 -1.3148206304281518e-05 3.707087473352635e-05 0.0015286771481206297 -2.8011738028284863 -0.0171915364836428 -0.04849467384550632
0.6157452296191397 36.98323034069109 -2.981826564069738 0.6882007281572836 0.1901137957624356 0.9689211649377 0.0 0.0 0.0 0.0 0.0 0.0 -0.00735634883284141 0.04565206120427792 -0.019037286381084543 3.027656639022374 0.11224257620730782 2.366901439524036
0.58963205030692 35.297788090881696 -2.9025225589253405 0.6882007281572836 0.1901137957624356 0.8905816270010409 0.0 0.0 0.0 0.0 0.0 0.0 -0.009273757563811217 0.03804909881030879 0.026177594536777208 3.048666621915791 -0.22058980605731282 -1.9734495941860306
0.45284034596725764 31.895326869962012 -2.189272679793089 0.6882007281572836 0.1901137957624356 0.48020651398205383 0.0 0.0 0.0 0.0 0.0 0.0 -0.03324810541673587 0.023659727718073145 0.029893048548871447 2.740768816248816 -0.8896230221230397 -2.0701795518806874
0.34020663990308914 51.30514902072882 -1.4916440478103294 0.6882007281572836 0.1901137957624356 0.14230539578954812 0.0 0.0 0.0 0.0 0.0 0.0 -0.01603589963568164 -0.0012719353721801318 -0.01919150767096778 -1.1445834496126175 1.3783558106690477 -0.4192420712034952
0.4818977789706776 31.127602689660595 -2.3833291830282253 0.6882007281572836 0.1901137957624356 0.5673788129923135 0.0 0.0 0.0 0.0 0.0 0.0 -0.03887913375421525 0.04104847738073514 0.020883160738509734 2.5177419534942223 -0.46341942982670536 -2.585822785900792
0.42112678662958847 34.4103973726427 -1.9696476698780976 0.6882007281572836 0.1901137957624356 0.3850658359690462 0.0 0.0 0.0 0.0 0.0 0.0 -0.03606257270709491 0.01519820672246756 0.02725928776707426 2.4532918402871045 -1.0439099220051187 -2.331364434485327
0.47920117368457477 31.147099024432286 -2.36601039322881 0.6882007281572836 0.1901137957624356 0.5592889971340052 0.0 0.0 0.0 0.0 0.0 0.0 -0.03842292211176111 0.039184735824520846 0.022630289611275316 2.5338608952913866 -0.5161099275389502 -2.524510432371865
0.6310109810427482 23.21716493411307 -2.945148577897714 0.6882007281572836 0.35354613384947553 0.8512860811214856 0.0 0.0 0.0 0.0 0.0 0.0 -0.012533735901252927 0.06298022870074751 0.0375247194443716 3.044207950319328 -0.17087726141607495 -2.0922626780014015
0.6428038721877393 24.20069111240982 -2.995158380925747 0.6882007281572836 0.35354613384947553 0.8866647545564589 0.0 0.0 0.0 0.0 0.0 0.0 -0.011989246992991757 0.08128854601970825 0.006242984360128749 2.996815799266524 -0.0220467575379093 -2.9915261302964056
0.6163155319148866 22.0343847538336 -2.8737305029611417 0.6882007281572836 0.35354613384947553 0.8071997337379007 0.0 0.0 0.0 0.0 0.0 0.0 -0.00566147024663948 0.020627827963239913 0.038522845856040176 -2.9975004861767762 -0.2265935521481235 -0.9973394988427948
0.670222675648153 26.539053377650543 -3.091034274753886 0.6882007281572836 0.35354613384947553 0.9689211649377 0.0 0.0 0.0 0.0 0.0 0.0 -0.0009774359579961885 0.019316343093378964 -0.03291622576571438 -3.116969543877411 0.044161593596365734 1.061936743876307
0.6441094963359334 24.310839901589702 -3.0003363608822475 0.6882007281572836 0.35354613384947553 0.8905816270010409 0.0 0.0 0.0 0.0 0.0 0.0 -0.011575256115572379 0.08139931288982662 0.0020197028536891345 3.0005044859741674 -0.006912791729228651 -3.0929606992010785
0.5073177919962709 19.229145282825314 -1.9549871479916683 0.6882007281572836 0.35354613384947553 0.48020651398205383 0.0 0.0 0.0 0.0 0.0 0.0 -0.093817305459576 0.037928486772532306 -0.016876728145105154 1.9747091322428325 0.3056025251688652 3.0136996834474514
0.3946840859321024 40.26590591831164 -1.1769888583094679 0.6882007281572836 0.35354613384947553 0.14230539578954812 0.0 0.0 0.0 0.0 0.0 0.0 -0.04547922999820466 -0.018897198344136546 -0.004552402398537364 1.1708969598922838 0.17009437869255972 -3.0701659713180947
0.5363752249996909 18.24138878672701 -2.253502093855679 0.6882007281572836 0.35354613384947553 0.5673788129923135 0.0 0.0 0.0 0.0 0.0 0.0 -0.0823485165263683 0.06696139625702223 -0.01928364268397231 2.286025667246497 0.2764267856382361 2.90881497837546
0.4756042326586018 22.43187873507348 -1.656186525789721 0.6882007281572836 0.35354613384947553 0.3850658359690462 0.0 0.0 0.0 0.0 0.0 0.0 -0.05867873704339733 0.005022802870350909 -0.04221890927773544 1.831325882799936 1.2333368433523253 2.8951531164252367
0.5336786197135881 18.260320956517873 -2.2261769299161696 0.6882007281572836 0.35354613384947553 0.5592889971340052 0.0 0.0 0.0 0.0 0.0 0.0 -0.08462578592162331 0.06505433499794212 -0.017245750394545796 2.2515681328900907 0.25233740541993654 2.942067436491451
0.571240625743329 35.71335726102652 -2.8508602366081095 0.6882007281572836 0.17423506795121788 0.8512860811214856 0.0 0.0 0.0 0.0 0.0 0.0 -0.007870561061095925 0.026304419237560633 0.027995441682143452 -3.135778914620283 -0.29067592963186684 -1.5505136682314484
0.5830335168883202 36.408995074663515 -2.8912740673839457 0.6882007281572836 0.17423506795121788 0.8866647545564589 0.0 0.0 0.0 0.0 0.0 0.0 -0.011718752203109173 0.045833433636713494 0.018990985065259716 2.9589391922507273 -0.1721277924942024 -2.393910949689718
0.5565451766154674 34.89693237194317 -2.7958037703540124 0.6882007281572836 0.17423506795121788 0.8071997337379007 0.0 0.0 0.0 0.0 0.0 0.0 -0.0015469065054739318 0.004293818952872242 0.015515753794243463 -2.847491236516139 -0.18456532156029848 -0.5447495207734558
0.6104523203487339 38.11543128349129 -2.973731428704762 0.6882007281572836 0.17423506795121788 0.9689211649377 0.0 0.0 0.0 0.0 0.0 0.0 -0.005654817652712483 0.03337045197472762 -0.025108148545424695 3.0924795138142676 0.16058039178679007 1.869040349052044
0.5843391410365141 36.487775032743315 -2.895554113090647 0.6882007281572836 0.17423506795121788 0.8905816270010409 0.0 0.0 0.0 0.0 0.0 0.0 -0.011907750772290756 0.04741735592317948 0.017017155681613695 2.9472260110245267 -0.15181563690144717 -2.4865079926480784
0.44754743669685176 33.35177578762418 -2.2040141433439393 0.6882007281572836 0.17423506795121788 0.48020651398205383 0.0 0.0 0.0 0.0 0.0 0.0 -0.0413286954234596 0.030337526050822197 0.021117846193272904 2.372931741101133 -0.6037942023024097 -2.6107116597933313
0.3349137306326832 52.81473994552687 -1.5186633552735849 0.6882007281572836 0.17423506795121788 0.14230539578954812 0.0 0.0 0.0 0.0 0.0 0.0 -0.011377881431921857 -0.0005937007286696244 -0.017367716577391352 -1.440518691491668 1.1580563847711574 -0.1194460366982728
0.47660486970027166 32.55441980619247 -2.3912612260640085 0.6882007281572836 0.17423506795121788 0.5673788129923135 0.0 0.0 0.0 0.0 0.0 0.0 -0.041505412244017215 0.04452339899510574 0.005872751035196511 2.4005407682231006 -0.1307368924120147 -3.0000730436486833
0.4158338773591826 35.871184937338484 -1.9910768151454892 0.6882007281572836 0.17423506795121788 0.3850658359690462 0.0 0.0 0.0 0.0 0.0 0.0 -0.04333806608024164 0.019368172369781122 0.01983248707936824 2.137211768527208 -0.7069314113155545 -2.7499006362547047
0.47390826441416883 32.57775267023288 -2.37455812084303 0.6882007281572836 0.17423506795121788 0.5592889971340052 0.0 0.0 0.0 0.0 0.0 0.0 -0.04183929613580258 0.04340486440082082 0.008160817157129244 2.392855462399875 -0.18557170500936282 -2.9455836797142316
0.7425614013585814 7.320921851109932 2.6180115788159566 0.6882007281572836 0.6881973947969752 0.8512860811214856 0.0 0.0 0.0 0.0 0.0 0.0 0.02306534356616185 0.03995198010308528 -0.10234569546136543 2.776396897057465 -0.3839879015753018 0.7751926847933515
0.7543542925035726 8.769782539963241 2.618008423451025 0.6882007281572836 0.6881973947969752 0.8866647545564589 0.0 0.0 0.0 0.0 0.0 0.0 0.0031195989604822475 0.005403485407368878 0.037202039339232586 2.642025490427771 0.16385501340201003 -0.2904488628673878
0.7278659522307199 5.449752202818828 2.6180181364654316 0.6882007281572836 0.6881973947969752 0.8071997337379007 0.0 0.0 0.0 0.0 0.0 0.0 0.15399008500364694 0.2667335939738782 -0.1347975430712167 -2.7682599490525677 -0.3760949519448591 2.3883457923320757
0.7817730959639863 11.96946210798166 2.618004161380908 0.6882007281572836 0.6881973947969752 0.9689211649377 0.0 0.0 0.0 0.0 0.0 0.0 0.08344968201587966 0.14454252177041704 0.005624609534163104 -2.6189871278575936 0.03366753579695647 -3.083222202521951
0.7556599166517666 8.927409499290434 2.6180081419410564 0.6882007281572836 0.6881973947969752 0.8905816270010409 0.0 0.0 0.0 0.0 0.0 0.0 0.005893994907794736 0.010209034934745542 0.05001954683149666 2.664774249742565 0.2251647665859835 -0.40795957543310557
0.6188682123121042 11.202845418846346 -0.5236126548201347 0.6882007281572836 0.6881973947969752 0.48020651398205383 0.0 0.0 0.0 0.0 0.0 0.0 -0.00909859699651579 -0.015758727161917153 0.0540136421777892 -0.4308655164528794 -0.30737794025428045 0.5821278180209988
0.5062345062479356 35.94471593420347 -0.5236040637613396 0.6882007281572836 0.6881973947969752 0.14230539578954812 0.0 0.0 0.0 0.0 0.0 0.0 -0.002862704895048004 -0.004958289772053011 -0.016905173799001822 -0.42993247205302154 0.30870868294291975 -0.5851826614553293
0.6479256453155241 6.215746585163898 -0.5236226687349439 0.6882007281572836 0.6881973947969752 0.5673788129923135 0.0 0.0 0.0 0.0 0.0 0.0 -0.13134200655553932 -0.22747847635165747 -0.12458504706942988 0.3502530299822961 0.39760421643364774 -2.327106954294096
0.587154652974435 17.209164228777006 -0.5236082987203592 0.6882007281572836 0.6881973947969752 0.3850658359690462 0.0 0.0 0.0 0.0 0.0 0.0 -0.05165311769404655 -0.08946385665209917 -0.03652303228483951 0.42207531785843955 0.3196882424313321 -2.530977624870967
0.6452290400294213 6.6596539821770895 -0.5236211693091488 0.6882007281572836 0.6881973947969752 0.5592889971340052 0.0 0.0 0.0 0.0 0.0 0.0 -0.10538072560018422 -0.1825153317821134 -0.1373885620315892 0.22891410687493696 0.47517929583455576 -2.041846774330037
0.7559061207890325 6.491557934438279 2.3802629889544207 0.6882007281572836 0.7282315530883282 0.8512860811214856 0.0 0.0 0.0 0.0 0.0 0.0 0.0857214374976472 0.08995041182161456 -0.15113804063266414 2.9593369879532436 -0.7434892893355123 1.3049533956950852
0.7676990119340236 7.8930639745252975 2.4261112603206016 0.6882007281572836 0.7282315530883282 0.8866647545564589 0.0 0.0 0.0 0.0 0.0 0.0 0.0020705649705074843 0.002382410969308638 -0.028104059057408308 2.438579698456104 -0.14603283673910328 0.170049785082512
0.7412106716611708 4.7165621962103055 2.2811079867395168 0.6882007281572836 0.7282315530883282 0.8071997337379007 0.0 0.0 0.0 0.0 0.0 0.0 0.3114998594672399 0.26791190887551264 -0.07357115668899318 -2.3129533056365807 -0.2662166887676589 2.9048554712884953
0.7951178153944373 11.025616526849335 2.4857926999555686 0.6882007281572836 0.7282315530883282 0.9689211649377 0.0 0.0 0.0 0.0 0.0 0.0 0.09906292928121503 0.12875401074704343 0.05547315242714929 -2.5947961108798494 0.38220292840590364 -2.5918740094018866
0.7690046360822175 8.046393242519132 2.4301352461883954 0.6882007281572836 0.7282315530883282 0.8905816270010409 0.0 0.0 0.0 0.0 0.0 0.0 0.00036953825895097214 0.0004286658698225659 -0.011847125617976757 2.4323917474167316 -0.06228266998508403 0.07240496040030164
0.6322129317425552 12.159937576252908 -0.37270948344733335 0.6882007281572836 0.7282315530883282 0.48020651398205383 0.0 0.0 0.0 0.0 0.0 0.0 -0.02498846614210132 -0.06391181094648371 0.08110255716087858 -0.06463568604449899 -0.36732035670695584 1.3924741391037094
0.5195792256783867 36.37376778578894 -0.46241520181416684 0.6882007281572836 0.7282315530883282 0.14230539578954812 0.0 0.0 0.0 0.0 0.0 0.0 -1.502153751822424e-05 -3.0135867052480837e-05 0.001360265179066694 -0.46192607585819045 -0.022074457171166628 0.0443069637766742
0.6612703647459751 7.311249764993363 -0.28224287365461936 0.6882007281572836 0.7282315530883282 0.5673788129923135 0.0 0.0 0.0 0.0 0.0 0.0 -0.033445295747502005 -0.11533487856280238 -0.1357535028787292 -0.03536882671855812 0.28007672228998537 -1.443486373040745
0.600499372404886 18.04079424159951 -0.41672706991483127 0.6882007281572836 0.7282315530883282 0.3850658359690462 0.0 0.0 0.0 0.0 0.0 0.0 -0.026057139177557028 -0.058865887046444854 -0.05470337692389587 0.07131407205679174 0.41093234143225565 -1.7477533878971627
0.6585737594598723 7.739398405996744 -0.29488879764910925 0.6882007281572836 0.7282315530883282 0.5592889971340052 0.0 0.0 0.0 0.0 0.0 0.0 -0.023464058180370482 -0.07724926238166854 -0.11977128472066745 -0.11346521796472953 0.2727750422322126 -1.1706322768825705
0.8162021563548248 8.103679802452515 1.3156245037315617 0.6882007281572836 0.9091196597857056 0.8512860811214856 0.0 0.0 0.0 0.0 0.0 0.0 0.006483721761437962 -0.0016913324972065956 0.04011035957600096 1.3016528213671918 0.3199474175816852 0.08653841960350261
0.827995047499816 8.477960172112695 1.4783221134415985 0.6882007281572836 0.9091196597857056 0.8866647545564589 0.0 0.0 0.0 0.0 0.0 0.0 0.03044180994642395 -0.0028231343451127016 0.07923093663547062 1.4462583143208896 0.7326562979302138 0.08353531094444921
0.8015067072269634 7.964661620317905 1.0918024688132202 0.6882007281572836 0.9091196597857056 0.8071997337379007 0.0 0.0 0.0 0.0 0.0 0.0 0.0005627310977788766 -0.0002922446440094367 0.012602554780794443 1.0897285464938662 0.08919701074036723 0.046462879620621234
0.8554138509602297 9.979991047850849 1.7744162518138271 0.6882007281572836 0.9091196597857056 0.9689211649377 0.0 0.0 0.0 0.0 0.0 0.0 0.16006593768261634 0.03305065364938573 0.07772121241168355 -1.8869705136111103 0.8627481551836178 -2.898014078079597
0.82930067164801 8.531603450841146 1.4950877111718759 0.6882007281572836 0.9091196597857056 0.8905816270010409 0.0 0.0 0.0 0.0 0.0 0.0 0.034786024598254944 -0.0026386450832692867 0.08343275100561084 1.4632161640745407 0.7891803563750339 0.07650417037633961
0.6925089673083477 17.882121799527308 0.017395914390107188 0.6882007281572836 0.9091196597857056 0.48020651398205383 0.0 0.0 0.0 0.0 0.0 0.0 1.6214846453701857e-05 -0.0009320125647433686 -0.010167913196324534 0.017106000948521327 -0.0031628380873485185 -0.18281386124854837
0.5798752612441791 39.299866418161066 -0.23996672221260856 0.6882007281572836 0.9091196597857056 0.14230539578954812 0.0 0.0 0.0 0.0 0.0 0.0 -0.01027024556726281 -0.04197394738694877 -0.01821562649712571 0.16921069647746734 0.1709732006377669 -2.3582559524238076
0.7215664003117676 13.86604759679417 0.1675228802638214 0.6882007281572836 0.9091196597857056 0.5673788129923135 0.0 0.0 0.0 0.0 0.0 0.0 0.022080351631740356 -0.13056968939191368 -0.0395526429889041 -0.14047499721227474 -0.09157485824377876 -2.5675436339889193
0.6607954079706785 22.98754107125557 -0.09033085629732045 0.6882007281572836 0.9091196597857056 0.3850658359690462 0.0 0.0 0.0 0.0 0.0 0.0 -0.007333808619199484 -0.08096735625768328 0.02153593061455774 0.07853715187758148 -0.04467308800543979 2.625446408366679
0.7188697950256647 14.209113142823819 0.15069482253430802 0.6882007281572836 0.9091196597857056 0.5592889971340052 0.0 0.0 0.0 0.0 0.0 0.0 0.018003894573344063 -0.11856681234983163 -0.04997913538261496 -0.10650132105211174 -0.10681573622595097 -2.3575671568999508
0.7566013547004324 6.460282648055722 2.3666161103156274 0.6882007281572836 0.730317254822528 0.8512860811214856 0.0 0.0 0.0 0.0 0.0 0.0 0.0894004861809745 0.09128357500366287 -0.1524151060867824 2.972260522675574 -0.7600465698517294 1.3275525968948523
0.7683942458454235 7.856922274251934 2.4152230239974477 0.6882007281572836 0.730317254822528 0.8866647545564589 0.0 0.0 0.0 0.0 0.0 0.0 0.0025443033193028645 0.0028639137426508567 -0.030991606310455232 2.430367580587982 -0.16243543024622298 0.18552800590803198
0.7419059055725707 4.6956500419594835 2.2614969878497915 0.6882007281572836 0.730317254822528 0.8071997337379007 0.0 0.0 0.0 0.0 0.0 0.0 0.3187894655405328 0.2634841871786991 -0.07144948772369203 -2.290965532978853 -0.26157751115385786 2.918478746803105
0.7958130493058372 10.982954565404917 2.47843988464175 0.6882007281572836 0.730317254822528 0.9689211649377 0.0 0.0 0.0 0.0 0.0 0.0 0.0994790712877273 0.12734639410365148 0.05756263269584549 -2.597322550406618 0.3997520258856313 -2.5701367489661266
0.7696998699936174 8.009820021276752 2.4194878437765572 0.6882007281572836 0.730317254822528 0.8905816270010409 0.0 0.0 0.0 0.0 0.0 0.0 0.0005741046863036508 0.0006518000889429905 -0.014701208744544711 2.4229491205450193 -0.07791016441697929 0.08874986174484123
0.6329081656539551 12.215480978971685 -0.365686055067107 0.6882007281572836 0.730317254822528 0.48020651398205383 0.0 0.0 0.0 0.0 0.0 0.0 -0.02569054555593916 -0.06709317198152448 0.08124782885697099 -0.04683231299172519 -0.36280866516742805 1.4395008170216304
0.5202744595897866 36.399097896452595 -0.45935403364837346 0.6882007281572836 0.730317254822528 0.14230539578954812 0.0 0.0 0.0 0.0 0.0 0.0 -4.709613907999567e-05 -9.521209586477271e-05 0.002413567137566171 -0.45781631058298844 -0.03896057843305867 0.07888647875946475
0.661965598657375 7.376690930878797 -0.2719715600848716 0.6882007281572836 0.730317254822528 0.5673788129923135 0.0 0.0 0.0 0.0 0.0 0.0 -0.030229142733764546 -0.10839407671285406 -0.13359127825368117 -0.04734619513679528 0.2679193343572921 -1.3936878145805922
0.601194606316286 18.088346560187034 -0.4115629534728712 0.6882007281572836 0.730317254822528 0.3850658359690462 0.0 0.0 0.0 0.0 0.0 0.0 -0.02478461035546477 -0.05678153505342781 -0.05488027913171271 0.05261972562922779 0.40837594930554744 -1.7026528002669767
0.6592689933712722 7.803676993908526 -0.2850222265605205 0.6882007281572836 0.730317254822528 0.5592889971340052 0.0 0.0 0.0 0.0 0.0 0.0 -0.020934686125958103 -0.07144950472532234 -0.11635419994583182 -0.12215291194482703 0.2581659245435928 -1.122587594455152
